0 38
9 38
13 33
15 86
20 21
22 149
23 98
24 54
26 88
30 82
33 91
37 87
47 126
51 142
64 66
71 85
74 26
87 27
91 115
93 28
105 89
108 36
117 31
118 103
121 64
130 161
133 92
146 25
148 66
157 90
171 129
172 64
180 12
185 123
198 52
209 56
212 61
215 92
218 121
225 19
237 111
244 22
244 100
258 69
262 19
262 16
273 16
275 85
283 47
296 32
308 108
313 141
326 129
327 114
332 20
332 3
343 15
343 56
355 143
357 90
362 4
372 77
384 38
392 46
400 103
401 78
402 99
416 146
419 53
425 45
436 50
438 157
438 65
439 111
449 75
462 146
462 71
468 19
478 87
480 16
482 109
489 48
496 114
509 18
515 57
521 39
523 7
531 58
533 130
546 62
554 157
556 115
566 62
566 118
570 93
582 57
591 78
597 79
607 38
612 83
622 90
635 126
639 4
640 121
652 39
657 57
663 15
673 18
681 27
694 114
703 18
716 75
723 40
729 33
729 109
739 152
751 78
755 98
757 79
761 110
770 21
784 42
788 43
792 45
793 66
803 63
816 32
826 27
835 52
846 70
860 77
870 87
879 98
883 53
892 70
903 179
911 55
922 46
936 17
942 127
945 115
954 123
